5780 -11.319253921508789
7400 -11.641947746276855
7789 -12.150592803955078
1176 -11.179414749145508
7394 -11.999984741210938
7813 -10.86201286315918
1567 -12.18783950805664
7958 -10.800461769104004
4567 -11.38818073272705
7879 -11.199956893920898
7610 -11.575745582580566
4968 -11.340693473815918
3231 -11.396114349365234
6230 -11.45478343963623
610 -11.405820846557617
1600 -10.723691940307617
2113 -9.479842185974121
5297 -11.10318374633789
1031 -11.374079704284668
2586 -11.711105346679688
5003 -11.474088668823242
5591 -10.608795166015625
1784 -12.003178596496582
1552 -10.909863471984863
6020 -11.756302833557129
6304 -11.814668655395508
5940 -11.638103485107422
1922 -11.359355926513672
3502 -11.329906463623047
4173 -12.04976749420166
3495 -11.499166488647461
2322 -11.790306091308594
6221 -11.680127143859863
7450 -11.629871368408203
7967 -11.804336547851562
5296 -11.685208320617676
5559 -11.882242202758789
5607 -11.965437889099121
7930 -11.525674819946289
5262 -11.829925537109375
323 -11.538115501403809
7339 -10.59398365020752
5726 -11.50662612915039
4158 -11.486101150512695
6590 -11.371509552001953
7654 -12.109989166259766
4471 -11.338056564331055
305 -12.273950576782227
3266 -11.571213722229004
6062 -11.02033805847168
119 -11.79078483581543
7787 -11.777705192565918
3206 -11.879892349243164
5228 -11.85723876953125
7364 -11.330124855041504
3573 -11.968442916870117
7461 -10.892494201660156
5627 -11.615997314453125
1726 -11.818671226501465
6325 -11.434114456176758
7941 -11.104430198669434
3216 -11.688152313232422
549 -11.649205207824707
5792 -11.369600296020508
3858 -11.372991561889648
3479 -11.836616516113281
4721 -11.232288360595703
5961 -11.654214859008789
4728 -10.404182434082031
3232 -11.893220901489258
7424 -11.317525863647461
4299 -11.593692779541016
5490 -10.00982666015625
6352 -10.70553970336914
6021 -11.54403305053711
6815 -11.606430053710938
3225 -11.699216842651367
3125 -12.031744003295898
3102 -11.844467163085938
7817 -11.57612419128418
7403 -12.010780334472656
5571 -12.098278999328613
6765 -11.542469024658203
7652 -10.631575584411621
1558 -11.888347625732422
5688 -9.906942367553711
2416 -11.564948081970215
7347 -10.936326026916504
5903 -11.723672866821289
869 -10.334686279296875
3053 -11.609498977661133
2964 -11.015663146972656
196 -11.286277770996094
6707 -11.358729362487793
7603 -11.735069274902344
2838 -11.553056716918945
5921 -11.639498710632324
968 -11.794567108154297
3500 -11.398186683654785
7816 -12.047224044799805
3156 -11.188915252685547
3239 -11.982175827026367
3227 -11.664922714233398
382 -11.591489791870117
7017 -11.88743782043457
6177 -11.935044288635254
724 -11.609055519104004
3945 -11.638025283813477
6890 -12.12628173828125
7706 -10.499512672424316
2089 -11.503942489624023
4638 -7.022656440734863
2903 -12.026930809020996
5760 -11.266060829162598
2898 -10.831692695617676
3494 -10.844778060913086
3860 -11.450121879577637
5727 -10.688042640686035
2506 -11.689884185791016
2197 -12.035393714904785
6289 -10.015819549560547
7632 -11.615646362304688
3857 -11.639078140258789
7968 -11.805412292480469
6836 -11.54691219329834
1119 -10.766797065734863
3496 -11.469602584838867
3044 -12.12301254272461
4756 -11.54684829711914
5086 -11.854354858398438
1381 -12.178644180297852
3048 -11.80565071105957
7247 -11.427297592163086
7439 -11.694193840026855
6717 -11.525030136108398
7713 -11.787351608276367
6541 -11.051733016967773
543 -11.892195701599121
7361 -11.792413711547852
2458 -11.81753158569336
7015 -12.272747039794922
4016 -11.806256294250488
768 -11.680127143859863
3483 -11.567899703979492
7937 -11.117002487182617
6479 -11.576837539672852
5150 -12.054367065429688
1418 -10.837600708007812
5966 -11.643601417541504
5395 -10.01192855834961
830 -11.478264808654785
1172 -11.598432540893555
3258 -10.25041389465332
1691 -11.409709930419922
5491 -12.270345687866211
6948 -11.620428085327148
7918 -11.92463493347168
7455 -11.607796669006348
950 -11.654352188110352
7653 -9.2591552734375
7550 -11.537586212158203
5794 -11.376344680786133
3116 -6.500079154968262
5750 -11.698135375976562
2976 -12.173049926757812
3181 -11.194167137145996
5748 -11.093755722045898
2897 -11.525236129760742
392 -11.422197341918945
421 -11.463102340698242
584 -11.696990966796875
3223 -11.420186996459961
3096 -11.066823959350586
3054 -11.886070251464844
1799 -11.000808715820312
7373 -11.549772262573242
3957 -12.037760734558105
5069 -11.281421661376953
5038 -11.029524803161621
7849 -11.526487350463867
1429 -11.929878234863281
3562 -10.568632125854492
4148 -11.583091735839844
6296 -11.78807258605957
5852 -12.17431640625
2279 -10.483642578125
3154 -11.838053703308105
43 -11.572556495666504
7486 -11.696146011352539
6382 -11.53031063079834
3093 -11.122842788696289
4726 -11.495134353637695
7949 -10.994619369506836
5824 -12.089067459106445
3997 -10.666582107543945
6623 -11.070829391479492
3219 -12.01449966430664
3007 -11.534679412841797
5597 -11.94472599029541
4241 -11.995562553405762
7484 -11.401660919189453
6104 -12.106155395507812
3260 -11.697175979614258
3244 -11.250428199768066
3230 -9.53169059753418
3769 -11.812005996704102
5752 -11.71399211883545
7543 -11.640325546264648
5596 -12.195230484008789
6362 -10.540847778320312
2104 -11.616545677185059
2151 -11.646078109741211
7338 -11.746687889099121
4266 -11.323545455932617
3016 -10.265914916992188
2967 -11.210861206054688
2162 -11.563943862915039
1009 -11.190515518188477
3011 -11.064311981201172
5913 -11.039899826049805
3224 -11.10223388671875
7522 -11.561264038085938
5801 -11.781848907470703
7648 -11.068647384643555
7446 -10.965108871459961
2123 -11.704587936401367
6269 -11.309164047241211
141 -12.16421127319336
3094 -10.922069549560547
278 -11.653321266174316
7659 -10.516519546508789
3095 -12.079017639160156
7489 -12.06480598449707
5761 -11.783713340759277
3052 -10.779387474060059
1260 -11.932354927062988
3248 -11.622207641601562
5518 -11.764281272888184
7615 -11.798501968383789
3161 -10.611727714538574
3179 -11.647518157958984
2484 -12.135659217834473
7942 -11.876904487609863
613 -11.858613967895508
2982 -11.532428741455078
5697 -10.787878036499023
7928 -11.090448379516602
5410 -11.555585861206055
7027 -11.866815567016602
2958 -10.533041954040527
458 -11.708044052124023
1861 -9.720325469970703
5622 -11.779287338256836
6551 -11.708955764770508
257 -11.352640151977539
3480 -11.786996841430664
7888 -11.768238067626953
3107 -11.466602325439453
2082 -12.102811813354492
44 -8.098794937133789
7415 -11.902485847473145
326 -11.627167701721191
2110 -11.117843627929688
3050 -10.973003387451172
7458 -11.328039169311523
5753 -11.547584533691406
7463 -11.586446762084961
3646 -10.371724128723145
3040 -11.403242111206055
2899 -11.556458473205566
5714 -11.34272289276123
2654 -10.753349304199219
6436 -11.22464370727539
2595 -11.337726593017578
2963 -11.841192245483398
5460 -11.777873992919922
4121 -11.433731079101562
4725 -10.627367973327637
6777 -11.64425277709961
5767 -11.864883422851562
5859 -11.000958442687988
5751 -11.513212203979492
6588 -11.626761436462402
7033 -12.123063087463379
844 -11.702123641967773
5477 -11.147079467773438
691 -11.314888000488281
6106 -11.78318977355957
2900 -11.523418426513672
3280 -11.756275177001953
4335 -11.358154296875
7623 -11.829678535461426
7651 -9.790946960449219
2111 -11.284978866577148
17 -11.553666114807129
380 -12.245134353637695
4009 -11.428455352783203
6456 -12.280884742736816
3234 -11.602645874023438
3014 -11.496109008789062
2959 -11.391935348510742
5918 -11.463741302490234
31 -11.381193161010742
5429 -11.331476211547852
1982 -11.246978759765625
4557 -11.615483283996582
2405 -11.068460464477539
7009 -12.389310836791992
4032 -11.244306564331055
222 -10.912313461303711
1838 -12.14914321899414
5778 -11.338590621948242
5298 -11.646953582763672
6979 -10.978988647460938
7567 -10.419290542602539
4971 -11.814447402954102
2729 -10.966567993164062
3402 -11.598562240600586
3182 -12.127174377441406
3856 -11.242666244506836
7846 -11.840035438537598
7844 -11.51710319519043
3249 -11.533550262451172
3619 -11.675812721252441
6407 -11.875343322753906
3729 -12.143901824951172
4038 -11.920851707458496
7811 -11.819402694702148
4206 -11.896053314208984
7843 -11.341365814208984
7413 -11.227928161621094
5775 -10.978767395019531
541 -11.913469314575195
7016 -11.845152854919434
4065 -12.114721298217773
7217 -11.214936256408691
3117 -11.795610427856445
7694 -11.723894119262695
2726 -11.735078811645508
5635 -11.454926490783691
7609 -11.666299819946289
4990 -10.263751983642578
3324 -9.340845108032227
6892 -11.065753936767578
6124 -10.274826049804688
7727 -11.69481372833252
7521 -11.275489807128906
3987 -12.2203369140625
7554 -11.314921379089355
7216 -11.677105903625488
2112 -11.79195785522461
5757 -11.848423957824707
4575 -11.857669830322266
3471 -11.368412017822266
5799 -10.010655403137207
7892 -11.702350616455078
612 -11.119651794433594
6728 -12.184934616088867
2901 -11.794196128845215
5784 -11.490377426147461
1569 -11.359651565551758
7899 -10.95705795288086
207 -11.93985366821289
5590 -11.379288673400879
5483 -11.329191207885742
6105 -11.513103485107422
3114 -11.44310188293457
439 -10.759364128112793
3245 -11.945898056030273
726 -11.810588836669922
6899 -10.75267219543457
5703 -11.230854034423828
7688 -11.252906799316406
2849 -12.10450553894043
381 -11.26037311553955
5271 -12.050085067749023
4207 -10.357741355895996
2376 -11.603597640991211
5127 -11.261427879333496
7425 -11.094442367553711
3944 -11.146203994750977
1900 -11.6297607421875
1064 -11.637535095214844
4972 -11.649236679077148
6099 -11.177360534667969
3700 -11.406196594238281
1196 -11.391698837280273
5548 -11.768487930297852
3594 -10.422511100769043
8012 -11.760387420654297
3228 -10.668445587158203
2099 -11.465070724487305
2044 -12.011285781860352
3330 -11.719411849975586
5099 -10.358587265014648
5768 -11.221149444580078
7625 -11.679977416992188
7405 -11.057268142700195
5451 -11.557366371154785
2905 -11.552335739135742
5791 -11.830896377563477
2217 -11.671850204467773
4720 -11.820295333862305
6919 -11.855932235717773
542 -11.924368858337402
3813 -11.500980377197266
7482 -11.645397186279297
3867 -11.667234420776367
7223 -12.024622917175293
6832 -12.08282470703125
2986 -12.139608383178711
7604 -11.142770767211914
3135 -11.953157424926758
1305 -11.877985000610352
298 -11.381680488586426
7832 -11.477502822875977
7657 -8.508689880371094
5871 -10.31661319732666
3493 -11.224028587341309
2227 -11.252557754516602
3277 -11.54426097869873
4729 -11.528706550598145
3890 -11.572288513183594
7911 -11.708084106445312
3237 -11.371866226196289
2118 -11.716959953308105
5783 -11.839365005493164
723 -11.717727661132812
861 -11.03139877319336
2264 -10.917264938354492
2988 -8.636266708374023
4127 -11.489892959594727
7809 -11.77337646484375
5456 -11.036504745483398
4727 -11.539380073547363
7689 -9.794740676879883
1872 -11.77018928527832
7686 -11.565193176269531
3876 -11.945226669311523
3250 -11.784774780273438
6622 -10.871907234191895
4424 -11.225723266601562
7952 -10.055541038513184
7452 -10.821090698242188
5369 -10.855147361755371
7248 -11.847553253173828
3070 -11.413887977600098
537 -12.000883102416992
6529 -11.138570785522461
1446 -11.662221908569336
7523 -12.18281364440918
4063 -9.811079978942871
1713 -10.167484283447266
4653 -11.38210678100586
2700 -11.467462539672852
2622 -11.912384033203125
3256 -10.710451126098633
7080 -11.742624282836914
5485 -11.45909309387207
3969 -11.873113632202148
2614 -11.420364379882812
2968 -11.542832374572754
3243 -11.359396934509277
112 -11.607650756835938
5382 -11.738439559936523
23 -11.096342086791992
1315 -11.977684020996094
1213 -11.328323364257812
2147 -11.065855026245117
2791 -11.616382598876953
7608 -11.620698928833008
5606 -11.276970863342285
3247 -11.623011589050293
5509 -11.661523818969727
7155 -11.53482437133789
6108 -9.998991012573242
6748 -12.366693496704102
7577 -11.861974716186523
5920 -11.583257675170898
996 -11.744095802307129
4308 -11.873571395874023
3347 -11.347829818725586
7264 -10.708929061889648
5973 -12.442962646484375
1218 -11.968157768249512
1700 -11.170002937316895
2296 -11.793130874633789
5181 -11.53602409362793
7018 -12.044346809387207
4931 -11.199992179870605
5796 -11.518804550170898
4723 -11.83839225769043
3109 -11.492018699645996
977 -11.91061019897461
5745 -11.732110977172852
3226 -10.768399238586426
2278 -11.24530029296875
5225 -12.027149200439453
3236 -11.659116744995117
2832 -11.847101211547852
3051 -11.74919319152832
5611 -12.10417366027832
2280 -11.512436866760254
3463 -11.368803024291992
5547 -11.904264450073242
938 -11.57255744934082
7558 -11.8251314163208
6323 -11.819316864013672
5664 -12.008079528808594
3240 -11.329614639282227
2391 -11.418542861938477
7912 -11.024383544921875
5549 -11.249691009521484
7587 -11.450718879699707
7701 -12.09840202331543
3278 -11.785917282104492
6911 -11.559103965759277
7673 -11.557059288024902
4232 -11.628376007080078
6724 -10.610694885253906
5569 -10.411848068237305
5910 -11.501668930053711
6107 -4.863791465759277
5759 -11.558835983276367
7624 -12.02804946899414
5561 -10.869009017944336
7104 -11.569010734558105
3106 -11.47542667388916
2248 -11.275632858276367
2124 -11.665565490722656
7499 -11.184368133544922
3859 -11.87570571899414
5682 -8.49150276184082
548 -12.14698600769043
1217 -11.517335891723633
3283 -11.11216926574707
3108 -11.486541748046875
3259 -11.484891891479492
5403 -11.892269134521484
6894 -11.2569580078125
3008 -11.560441970825195
7687 -11.497297286987305
986 -11.952167510986328
7814 -12.060323715209961
7841 -11.056111335754395
593 -11.576115608215332
7483 -11.773540496826172
7639 -10.89377212524414
333 -11.25558090209961
7606 -11.56660270690918
5633 -11.360822677612305
3595 -10.925810813903809
1845 -12.02614688873291
3257 -10.83778190612793
379 -11.595243453979492
2465 -10.656322479248047
3806 -11.708290100097656
2077 -11.746660232543945
6474 -11.286250114440918
2693 -11.968965530395508
3175 -11.797849655151367
5747 -11.823488235473633
7818 -10.56186294555664
5779 -11.092107772827148
3685 -10.941911697387695
6897 -11.365179061889648
5941 -11.995500564575195
3165 -11.888910293579102
337 -11.769193649291992
6875 -11.812562942504883
6526 -11.548952102661133
6284 -11.17680549621582
3472 -11.72342586517334
8009 -11.644510269165039
3542 -10.445173263549805
3061 -11.5844087600708
5636 -12.021345138549805
6739 -11.77314281463623
2286 -10.97504997253418
6242 -11.641637802124023
5589 -11.758766174316406
3178 -10.642058372497559
706 -11.685905456542969
2727 -11.776308059692383
2966 -11.825672149658203
2987 -11.0914306640625
7570 -11.813615798950195
6041 -10.66275405883789
539 -12.006244659423828
1878 -11.799039840698242
2821 -11.673637390136719
3880 -11.702871322631836
3115 -11.773507118225098
1618 -11.608396530151367
5770 -11.741125106811523
5758 -11.152280807495117
2109 -10.24062728881836
725 -10.958063125610352
6378 -11.239482879638672
6272 -11.711545944213867
7157 -11.588748931884766
4132 -11.488046646118164
5939 -11.03687572479248
5692 -11.377670288085938
5439 -11.245625495910645
825 -12.42021369934082
3241 -11.327337265014648
378 -11.969223022460938
7365 -11.192970275878906
5299 -11.202004432678223
3535 -11.577272415161133
820 -11.444598197937012
3824 -10.520079612731934
3001 -12.006807327270508
4359 -10.531822204589844
5233 -11.755159378051758
6119 -11.453327178955078
3337 -11.673890113830566
5823 -11.391239166259766
4443 -9.311817169189453
1583 -11.306135177612305
7607 -11.394166946411133
2358 -11.457758903503418
5944 -11.529350280761719
6168 -7.023653984069824
7487 -11.83273983001709
7004 -11.957418441772461
2122 -12.12918472290039
5423 -11.464056968688965
2140 -11.635278701782227
1210 -11.22525405883789
2228 -11.39232063293457
1692 -11.74979019165039
3128 -11.833547592163086
6138 -10.955737113952637
4208 -11.225828170776367
7350 -11.593086242675781
1778 -11.084558486938477
5943 -11.800376892089844
5207 -11.761431694030762
5031 -11.657962799072266
6091 -11.810396194458008
3233 -11.745185852050781
5639 -11.70029354095459
7449 -10.491988182067871
6889 -11.084885597229004
2625 -12.166733741760254
1661 -11.744525909423828
1741 -12.37317180633545
3229 -11.304208755493164
5638 -11.263114929199219
3279 -11.213132858276367
5793 -11.787578582763672
1 -10.85525131225586
4730 -11.678974151611328
5612 -10.952388763427734
7549 -10.754863739013672
7427 -12.208599090576172
5008 -11.699560165405273
3468 -11.978670120239258
3667 -11.460559844970703
3238 -11.389530181884766
7815 -11.317383766174316
5255 -11.698896408081055
6921 -12.095430374145508
3246 -11.896968841552734
7917 -11.670589447021484
5746 -11.868730545043945
4789 -10.975630760192871
3507 -11.627208709716797
2965 -12.233966827392578
454 -11.764312744140625
7966 -11.902125358581543
538 -11.885430335998535
4945 -10.478702545166016
3071 -11.415128707885742
4147 -11.841476440429688
5774 -11.183515548706055
7786 -11.337512016296387
7388 -11.712421417236328
7524 -10.570959091186523
7691 -10.114404678344727
7552 -11.432844161987305
1981 -11.110519409179688
1270 -11.908382415771484
1848 -11.732183456420898
2271 -11.31781005859375
7551 -10.87253475189209
2813 -11.667129516601562
7445 -11.957490921020508
3242 -7.8353118896484375
627 -11.566045761108398
4094 -11.73419189453125
4724 -10.950529098510742
2540 -11.609394073486328
2002 -11.748908996582031
7579 -11.988985061645508
5128 -11.882431030273438
5114 -11.716768264770508
85 -11.6669921875
7576 -12.037111282348633
1850 -11.194665908813477
7145 -11.913297653198242
3177 -11.929512977600098
2977 -11.590336799621582
5929 -11.145557403564453
7891 -10.479350090026855
5570 -11.843530654907227
5654 -9.271331787109375
2728 -9.801206588745117
5313 -11.018777847290039
7498 -11.32085132598877
7093 -11.707332611083984
3482 -11.578069686889648
5028 -11.605293273925781
